1 0.750 750 120 1.5 0 28.6 26.2 -0.9 0.0 0.0 0.0 0.0 0.0 0.0 0.0 0.0 0.0

2 0.750 750 120 1.5 0.25 21.4 19.7 16.9 0.0 0.0 0.0 0.0 0.0 0.0 0.0 0.0 0.0

3 0.750 750 120 1.5 0.5 14.2 13.1 34.8 0.0 0.0 0.0 0.0 0.0 0.0 0.0 0.0 0.0

4 0.750 750 120 2 0 23.8 29.2 -0.9 44.8 10.8 4.9 33.3 14.9 44.1 47.7 29.6 22.6

5 0.750 750 120 2 0.25 17.8 21.9 16.9 0.0 0.0 0.0 0.0 0.0 0.0 0.0 0.0 0.0

6 0.750 750 120 2 0.5 11.8 14.6 34.8 7.2 32.6 2.3 8.0 0.6 40.6 40.6 16.4 43.0

7 0.750 750 120 2.5 0 20.3 31.2 -0.9 0.0 0.0 0.0 0.0 0.0 0.0 0.0 0.0 0.0

8 0.750 750 120 2.5 0.25 15.2 23.4 16.9 0.0 0.0 0.0 0.0 0.0 0.0 0.0 0.0 0.0

9 0.750 750 120 2.5 0.5 10.1 15.6 34.8 6.3 35.9 2.3 8.1 0.5 43.9 43.9 15.4 40.7

10 0.750 750 120 3 0 17.8 32.8 -0.9 35.0 16.9 5.9 39.1 13.7 56.1 60.9 19.5 19.6

11 0.750 750 120 3 0.25 13.3 24.6 16.9 9.0 38.5 3.5 13.3 1.2 51.8 51.8 14.9 33.3

12 0.750 750 120 3 0.5 8.8 16.4 34.8 4.7 45.6 2.1 9.3 0.4 54.9 54.9 0.0 45.1

13 0.750 750 120 4 0 14.2 35.0 -0.9 10.4 41.1 4.3 17.7 1.8 58.8 60.6 13.3 26.1

14 0.750 750 120 4 0.25 10.6 26.2 16.9 6.6 42.8 2.8 11.5 0.8 54.4 54.4 14.2 31.5

15 0.750 750 120 4 0.5 7.0 17.5 34.8 3.7 50.4 1.9 8.6 0.3 59.0 59.0 0.0 41.0

16 0.750 750 120 6 0 10.1 37.5 -0.9 6.0 48.2 2.9 12.8 0.8 61.0 61.0 12.5 26.5

17 0.750 750 120 6 0.25 7.5 28.1 16.9 4.5 48.8 2.2 9.7 0.4 58.5 58.5 12.5 29.1

18 0.750 750 120 6 0.5 4.9 18.7 34.8 2.9 56.5 1.6 8.2 0.2 64.6 64.6 0.0 35.4

19 0.750 750 120 10 0 6.3 39.8 -0.9 3.4 61.8 2.1 11.6 0.4 73.3 73.3 0.0 26.7

20 0.750 750 120 10 0.25 4.7 29.8 16.9 2.8 62.5 1.7 9.6 0.3 72.2 72.2 0.0 27.8

21 0.750 750 120 10 0.5 3.1 19.9 34.8 2.2 63.4 1.4 7.6 0.2 71.0 71.0 0.0 29.0

22 0.750 750 150 1.5 0 35.8 32.8 -0.9 0.0 0.0 0.0 0.0 0.0 0.0 0.0 0.0 0.0

23 0.750 750 150 1.5 0.25 26.8 24.6 21.4 0.0 0.0 0.0 0.0 0.0 0.0 0.0 0.0 0.0

24 0.750 750 150 1.5 0.5 17.8 16.4 43.7 0.0 0.0 0.0 0.0 0.0 0.0 0.0 0.0 0.0

25 0.750 750 150 2 0 29.8 36.4 -0.9 0.0 0.0 0.0 0.0 0.0 0.0 0.0 0.0 0.0

26 0.750 750 150 2 0.25 22.3 27.3 21.4 0.0 0.0 0.0 0.0 0.0 0.0 0.0 0.0 0.0

27 0.750 750 150 2 0.5 14.8 18.2 43.7 3.8 40.2 1.5 6.6 0.3 46.9 46.9 0.0 53.1

28 0.750 750 150 2.5 0 25.5 39.0 -0.9 10.0 37.8 3.8 14.9 1.5 52.7 52.7 17.6 29.7

29 0.750 750 150 2.5 0.25 19.1 29.3 21.4 5.9 36.9 2.2 8.3 0.5 45.1 45.1 18.5 36.3

30 0.750 750 150 2.5 0.5 12.6 19.5 43.7 3.2 44.3 1.4 6.5 0.2 50.7 50.7 0.0 49.3

31 0.750 750 150 3 0 22.3 41.0 -0.9 7.4 40.2 3.0 12.1 0.9 52.3 52.3 17.4 30.3

32 0.750 750 150 3 0.25 16.7 30.8 21.4 5.0 39.4 2.0 7.8 0.4 47.2 47.2 17.7 35.1

33 0.750 750 150 3 0.5 11.0 20.5 43.7 2.9 47.3 1.4 6.4 0.2 53.7 53.7 0.0 46.3

34 0.750 750 150 4 0 17.8 43.7 -0.9 5.4 43.6 2.3 10.0 0.5 53.6 53.6 16.6 29.9

35 0.750 750 150 4 0.25 13.3 32.8 21.4 4.0 43.4 1.7 7.3 0.3 50.7 50.7 16.3 33.0

36 0.750 750 150 4 0.5 8.8 21.9 43.7 2.5 51.5 1.3 6.3 0.2 57.8 57.8 0.0 42.2

37 0.750 750 150 6 0 12.6 46.9 -0.9 3.7 48.7 1.8 8.4 0.3 57.1 57.1 14.6 28.3

38 0.750 750 150 6 0.25 9.4 35.1 21.4 2.6 57.1 1.5 7.9 0.2 65.0 65.0 0.0 35.0

39 0.750 750 150 6 0.5 6.2 23.4 43.7 2.0 57.4 1.1 6.1 0.1 63.5 63.5 0.0 36.5

40 0.750 750 150 10 0 8.0 49.7 -0.9 0.0 0.0 0.0 0.0 0.0 0.0 0.0 0.0 0.0

41 0.750 750 150 10 0.25 5.9 37.3 21.4 1.8 63.0 1.1 7.1 0.1 70.0 70.0 0.0 30.0

42 0.750 750 150 10 0.5 3.9 24.9 43.7 1.5 63.8 1.0 5.7 0.1 69.6 69.6 0.0 30.4

43 0.750 750 180 1.5 0 43.0 39.4 -0.9 0.0 0.0 0.0 0.0 0.0 0.0 0.0 0.0 0.0

44 0.750 750 180 1.5 0.25 32.2 29.5 25.9 0.0 0.0 0.0 0.0 0.0 0.0 0.0 0.0 0.0

45 0.750 750 180 1.5 0.5 21.4 19.7 52.6 0.0 0.0 0.0 0.0 0.0 0.0 0.0 0.0 0.0

46 0.750 750 180 2 0 35.8 43.7 -0.9 0.0 0.0 0.0 0.0 0.0 0.0 0.0 0.0 0.0

47 0.750 750 180 2 0.25 26.8 32.8 25.9 0.0 0.0 0.0 0.0 0.0 0.0 0.0 0.0 0.0

48 0.750 750 180 2 0.5 17.8 21.9 52.6 3.3 39.0 1.3 5.4 0.2 44.4 44.4 0.0 55.6

49 0.750 750 180 2.5 0 30.6 46.9 -0.9 7.9 37.3 2.9 11.3 0.9 48.6 48.6 19.5 31.9

50 0.750 750 180 2.5 0.25 22.9 35.1 25.9 4.9 35.8 1.7 6.5 0.3 42.3 42.3 19.7 38.0

51 0.750 750 180 2.5 0.5 15.2 23.4 52.6 2.7 43.0 1.2 5.2 0.1 48.2 48.2 0.0 51.8

52 0.750 750 180 3 0 26.8 49.2 -0.9 5.8 39.2 2.3 9.2 0.5 48.4 48.4 19.2 32.4

53 0.750 750 180 3 0.25 20.0 36.9 25.9 4.0 38.2 1.5 6.1 0.2 44.3 44.3 19.0 36.7

54 0.750 750 180 3 0.5 13.3 24.6 52.6 2.4 46.2 1.1 5.2 0.1 51.3 51.3 0.0 48.7

55 0.750 750 180 4 0 21.4 52.5 -0.9 4.2 42.5 1.8 7.7 0.3 50.2 50.2 18.0 31.8

56 0.750 750 180 4 0.25 16.0 39.4 25.9 2.7 51.0 1.4 7.0 0.2 58.0 58.0 0.0 42.0

57 0.750 750 180 4 0.5 10.6 26.2 52.6 2.0 50.3 1.0 5.1 0.1 55.4 55.4 0.0 44.6

58 0.750 750 180 6 0 15.2 56.2 -0.9 2.9 47.3 1.4 6.6 0.2 53.9 53.9 16.0 30.1

59 0.750 750 180 6 0.25 11.4 42.2 25.9 2.0 56.0 1.1 6.4 0.1 62.4 62.4 0.0 37.6

60 0.750 750 180 6 0.5 7.5 28.1 52.6 1.6 56.2 0.9 5.0 0.1 61.1 61.1 0.0 38.9

61 0.750 750 180 10 0 9.6 59.6 -0.9 1.7 61.9 1.1 6.7 0.1 68.7 68.7 0.0 31.3

62 0.750 750 180 10 0.25 7.2 44.7 25.9 1.5 62.2 0.9 5.8 0.1 68.0 68.0 0.0 32.0

63 0.750 750 180 10 0.5 4.7 29.8 52.6 1.2 62.8 0.8 4.8 0.1 67.6 67.6 0.0 32.4

64 0.750 750 210 1.5 0 50.1 45.9 -0.9 14.8 33.8 5.0 19.0 2.8 52.8 53.7 19.7 26.6
65 0.750 750 210 1.5 0.25 37.6 34.4 30.3 5.4 31.4 1.7 6.0 0.3 37.4 37.4 22.5 40.1

66 0.750 750 210 1.5 0.5 25.0 23.0 61.5 2.7 37.8 1.0 4.4 0.1 42.2 42.2 0.0 57.8

67 0.750 750 210 2 0 41.8 51.0 -0.9 7.2 36.9 2.7 10.3 0.7 47.2 47.2 21.0 31.8

68 0.750 750 210 2 0.25 31.3 38.3 30.3 4.2 34.9 1.5 5.7 0.2 40.6 40.6 21.1 38.3

69 0.750 750 210 2 0.5 20.8 25.5 61.5 2.3 42.2 1.0 4.5 0.1 46.7 46.7 0.0 53.3

70 0.750 750 210 2.5 0 35.8 54.7 -0.9 5.4 39.0 2.1 8.5 0.5 47.5 47.5 20.3 32.2

71 0.750 750 210 2.5 0.25 26.8 41.0 30.3 3.6 37.6 1.4 5.4 0.2 43.1 43.1 19.9 37.0

72 0.750 750 210 2.5 0.5 17.8 27.3 61.5 2.1 45.6 0.9 4.5 0.1 50.1 50.1 0.0 49.9

73 0.750 750 210 3 0 31.3 57.4 -0.9 4.4 40.9 1.8 7.6 0.3 48.5 48.5 19.5 32.0

74 0.750 750 210 3 0.25 23.4 43.0 30.3 2.5 49.4 1.3 6.5 0.2 55.9 55.9 0.0 44.1

75 0.750 750 210 3 0.5 15.5 28.7 61.5 1.9 48.4 0.9 4.5 0.1 52.9 52.9 0.0 47.1

76 0.750 750 210 4 0 25.0 61.2 -0.9 3.3 44.0 1.4 6.6 0.2 50.6 50.6 18.2 31.2

77 0.750 750 210 4 0.25 18.7 45.9 30.3 2.1 53.0 1.1 6.1 0.1 59.1 59.1 0.0 40.9

78 0.750 750 210 4 0.5 12.4 30.6 61.5 1.6 52.5 0.8 4.5 0.1 57.0 57.0 0.0 43.0

79 0.750 750 210 6 0 17.8 65.6 -0.9 2.0 58.3 1.1 6.8 0.1 65.1 65.1 0.0 34.9

80 0.750 750 210 6 0.25 13.3 49.2 30.3 1.6 58.0 0.9 5.6 0.1 63.6 63.6 0.0 36.4

81 0.750 750 210 6 0.5 8.8 32.8 61.5 1.3 58.1 0.8 4.4 0.1 62.5 62.5 0.0 37.5

82 0.750 750 210 10 0 11.2 69.6 -0.9 1.4 63.8 0.9 5.9 0.1 69.7 69.7 0.0 30.3

83 0.750 750 210 10 0.25 8.4 52.2 30.3 1.2 64.0 0.8 5.1 0.1 69.0 69.0 0.0 31.0

84 0.750 750 210 10 0.5 5.5 34.8 61.5 1.0 64.6 0.7 4.1 0.0 68.7 68.7 0.0 31.3

85 0.750 750 240 1.5 0 57.3 52.5 -0.9 10.8 35.6 3.8 14.5 1.6 50.1 50.1 21.1 28.8

86 0.750 750 240 1.5 0.25 43.0 39.4 34.8 4.5 32.2 1.5 5.4 0.2 37.6 37.6 22.5 39.9

87 0.750 750 240 1.5 0.5 28.6 26.2 70.5 2.3 39.0 0.9 4.0 0.1 42.9 42.9 0.0 57.1

88 0.750 750 240 2 0 47.7 58.3 -0.9 6.1 37.9 2.3 9.2 0.6 47.1 47.1 21.1 31.8

89 0.750 750 240 2 0.25 35.8 43.7 34.8 3.6 35.7 1.3 5.1 0.2 40.8 40.8 21.0 38.2

90 0.750 750 240 2 0.5 23.8 29.2 70.5 2.0 43.4 0.9 4.1 0.1 47.5 47.5 0.0 52.5

91 0.750 750 240 2.5 0 40.9 62.5 -0.9 4.5 39.9 1.8 7.6 0.3 47.6 47.6 20.3 32.2

92 0.750 750 240 2.5 0.25 30.6 46.9 34.8 2.5 48.0 1.2 6.1 0.1 54.1 54.1 0.0 45.9

93 0.750 750 240 2.5 0.5 20.3 31.2 70.5 1.7 46.7 0.8 4.1 0.1 50.8 50.8 0.0 49.2

94 0.750 750 240 3 0 35.8 65.6 -0.9 3.7 41.9 1.5 6.7 0.2 48.6 48.6 19.4 32.0

95 0.750 750 240 3 0.25 26.8 49.2 34.8 2.2 50.4 1.1 5.8 0.1 56.2 56.2 0.0 43.8

96 0.750 750 240 3 0.5 17.8 32.8 70.5 1.6 49.5 0.8 4.1 0.1 53.6 53.6 0.0 46.4

97 0.750 750 240 4 0 28.6 70.0 -0.9 2.8 45.0 1.2 5.9 0.2 50.9 50.9 17.9 31.2

98 0.750 750 240 4 0.25 21.4 52.5 34.8 1.8 54.0 1.0 5.4 0.1 59.4 59.4 0.0 40.6

99 0.750 750 240 4 0.5 14.2 35.0 70.5 1.4 53.6 0.7 4.1 0.1 57.6 57.6 0.0 42.4

100 0.750 750 240 6 0 20.3 75.0 -0.9 1.7 59.2 1.0 6.0 0.1 65.3 65.3 0.0 34.7

101 0.750 750 240 6 0.25 15.2 56.2 34.8 1.4 59.0 0.8 5.0 0.1 64.0 64.0 0.0 36.0

102 0.750 750 240 6 0.5 10.1 37.5 70.5 1.1 59.1 0.7 3.9 0.0 63.0 63.0 0.0 37.0

103 0.750 750 240 10 0 12.9 79.5 -0.9 1.2 64.6 0.8 5.2 0.1 69.8 69.8 0.0 30.2

104 0.750 750 240 10 0.25 9.6 59.6 34.8 1.0 65.0 0.7 4.5 0.0 69.5 69.5 0.0 30.5

105 0.750 750 240 10 0.5 6.3 39.8 70.5 0.0 0.0 0.0 0.0 0.0 0.0 0.0 0.0 0.0

106 0.750 775 120 1.5 0 28.6 26.2 -0.9 14.7 23.8 3.5 15.8 2.3 39.5 40.3 30.7 29.0

107 0.750 775 120 1.5 0.25 21.4 19.7 16.9 10.8 25.7 2.8 11.6 1.2 37.4 37.4 29.2 33.4

108 0.750 775 120 1.5 0.5 14.2 13.1 34.8 8.2 27.6 2.3 8.7 0.7 36.3 36.3 26.5 37.2

109 0.750 775 120 2 0 23.8 29.2 -0.9 10.6 28.3 3.0 14.1 1.5 42.5 42.5 28.8 28.7

110 0.750 775 120 2 0.25 17.8 21.9 16.9 8.5 29.8 2.5 11.2 1.0 41.1 41.1 27.3 31.7

111 0.750 775 120 2 0.5 11.8 14.6 34.8 6.8 31.9 2.2 8.9 0.6 40.7 40.7 24.9 34.4

112 0.750 775 120 2.5 0 20.3 31.2 -0.9 8.6 31.6 2.7 13.3 1.1 44.9 44.9 27.2 28.0

113 0.750 775 120 2.5 0.25 15.2 23.4 16.9 7.2 33.1 2.4 11.0 0.8 44.2 44.2 25.7 30.2

114 0.750 775 120 2.5 0.5 10.1 15.6 34.8 5.9 35.3 2.1 9.0 0.5 44.3 44.3 23.5 32.3

115 0.750 775 120 3 0 17.8 32.8 -0.9 7.3 34.3 2.5 12.7 0.9 46.9 46.9 25.9 27.2

116 0.750 775 120 3 0.25 13.3 24.6 16.9 6.2 35.8 2.2 10.8 0.7 46.6 46.6 24.4 28.9

117 0.750 775 120 3 0.5 8.8 16.4 34.8 5.2 38.3 2.0 9.0 0.5 47.3 47.3 22.2 30.5

118 0.750 775 120 4 0 14.2 35.0 -0.9 5.8 38.4 2.2 11.9 0.7 50.3 50.3 23.7 26.0

119 0.750 775 120 4 0.25 10.6 26.2 16.9 5.1 40.0 2.0 10.5 0.5 50.6 50.6 22.4 27.0

120 0.750 775 120 4 0.5 7.0 17.5 34.8 4.4 42.8 1.9 9.1 0.4 51.9 51.9 20.1 28.0

121 0.750 775 120 6 0 10.1 37.5 -0.9 4.3 44.4 1.9 11.1 0.5 55.5 55.5 20.7 23.8

122 0.750 775 120 6 0.25 7.5 28.1 16.9 3.9 46.4 1.8 10.2 0.4 56.5 56.5 19.3 24.2

123 0.750 775 120 6 0.5 4.9 18.7 34.8 2.8 59.4 1.7 10.9 0.3 70.3 70.3 0.0 29.7

124 0.750 775 120 10 0 6.3 39.8 -0.9 3.0 52.2 1.6 10.4 0.3 62.5 62.5 16.6 20.8

125 0.750 775 120 10 0.25 4.7 29.8 16.9 2.4 63.8 1.5 11.4 0.3 75.2 75.2 0.0 24.8

126 0.750 775 120 10 0.5 3.1 19.9 34.8 2.2 65.6 1.5 10.0 0.2 75.6 75.6 0.0 24.4

127 0.750 775 150 1.5 0 35.8 32.8 -0.9 11.6 27.0 3.1 13.9 1.6 40.9 40.9 31.1 27.9

128 0.750 775 150 1.5 0.25 26.8 24.6 21.4 8.5 28.1 2.4 9.9 0.8 38.0 38.0 29.4 32.5

129 0.750 775 150 1.5 0.5 17.8 16.4 43.7 6.5 29.3 1.9 7.3 0.5 36.6 36.6 27.2 36.2

130 0.750 775 150 2 0 29.8 36.4 -0.9 8.6 30.9 2.7 12.4 1.1 43.2 43.2 29.0 27.8

131 0.750 775 150 2 0.25 22.3 27.3 21.4 6.9 31.9 2.2 9.6 0.7 41.5 41.5 27.5 31.0

132 0.750 775 150 2 0.5 14.8 18.2 43.7 0.0 0.0 0.0 0.0 0.0 0.0 0.0 0.0 0.0

133 0.750 775 150 2.5 0 25.5 39.0 -0.9 6.9 33.4 2.3 11.4 0.8 44.8 44.8 27.8 27.4

134 0.750 775 150 2.5 0.25 19.1 29.3 21.4 5.8 35.0 2.0 9.3 0.5 44.3 44.3 26.1 29.5

135 0.750 775 150 2.5 0.5 12.6 19.5 43.7 4.7 37.0 1.7 7.6 0.4 44.6 44.6 23.7 31.7

136 0.750 775 150 3 0 22.3 41.0 -0.9 6.0 36.4 2.2 10.9 0.7 47.3 47.3 26.0 26.6

137 0.750 775 150 3 0.25 16.7 30.8 21.4 5.1 37.6 1.9 9.2 0.5 46.8 46.8 24.8 28.4

138 0.750 775 150 3 0.5 11.0 20.5 43.7 4.2 39.8 1.7 7.6 0.3 47.4 47.4 22.5 30.1

139 0.750 775 150 4 0 17.8 43.7 -0.9 4.7 40.5 1.9 10.3 0.5 50.7 50.7 23.9 25.4

140 0.750 775 150 4 0.25 13.3 32.8 21.4 4.1 41.9 1.7 8.9 0.4 50.9 50.9 22.5 26.6

141 0.750 775 150 4 0.5 8.8 21.9 43.7 2.9 55.7 1.6 9.6 0.3 65.3 65.3 0.0 34.7

142 0.750 775 150 6 0 12.6 46.9 -0.9 3.5 46.3 1.6 9.5 0.3 55.8 55.8 20.7 23.5

143 0.750 775 150 6 0.25 9.4 35.1 21.4 3.2 48.0 1.5 8.6 0.3 56.6 56.6 19.5 23.9

144 0.750 775 150 6 0.5 6.2 23.4 43.7 2.3 61.3 1.4 9.2 0.2 70.5 70.5 0.0 29.5

145 0.750 775 150 10 0 8.0 49.7 -0.9 2.5 53.7 1.3 8.9 0.2 62.6 62.6 16.6 20.8

146 0.750 775 150 10 0.25 5.9 37.3 21.4 2.0 65.7 1.3 9.8 0.2 75.4 75.4 0.0 24.6

147 0.750 775 150 10 0.5 3.9 24.9 43.7 1.8 67.2 1.2 8.5 0.2 75.7 75.7 0.0 24.3

148 0.750 775 180 1.5 0 43.0 39.4 -0.9 10.4 29.0 3.0 13.1 1.4 42.1 42.1 30.8 27.1

149 0.750 775 180 1.5 0.25 32.2 29.5 25.9 7.4 29.6 2.2 9.0 0.7 38.6 38.6 29.5 31.9

150 0.750 775 180 1.5 0.5 21.4 19.7 52.6 5.6 30.4 1.7 6.4 0.4 36.9 36.9 27.3 35.9

151 0.750 775 180 2 0 35.8 43.7 -0.9 7.6 32.6 2.5 11.5 0.9 44.0 44.0 28.9 27.0

152 0.750 775 180 2 0.25 26.8 32.8 25.9 5.9 33.3 2.0 8.6 0.5 41.9 41.9 27.7 30.4

153 0.750 775 180 2 0.5 17.8 21.9 52.6 4.7 34.6 1.6 6.6 0.3 41.3 41.3 25.3 33.4

154 0.750 775 180 2.5 0 30.6 46.9 -0.9 6.1 35.5 2.2 10.5 0.6 46.0 46.0 27.3 26.7

155 0.750 775 180 2.5 0.25 22.9 35.1 25.9 5.0 36.3 1.8 8.4 0.4 44.7 44.7 26.1 29.2

156 0.750 775 180 2.5 0.5 15.2 23.4 52.6 4.0 37.9 1.5 6.7 0.3 44.6 44.6 23.9 31.5

157 0.750 775 180 3 0 26.8 49.2 -0.9 5.3 37.9 2.0 9.9 0.5 47.8 47.8 26.0 26.2

158 0.750 775 180 3 0.25 20.0 36.9 25.9 4.4 38.9 1.7 8.2 0.4 47.1 47.1 24.8 28.1

159 0.750 775 180 3 0.5 13.3 24.6 52.6 2.8 52.6 1.5 8.7 0.2 61.3 61.3 0.0 38.7

160 0.750 775 180 4 0 21.4 52.5 -0.9 4.2 41.7 1.7 9.2 0.4 50.9 50.9 23.9 25.2

161 0.750 775 180 4 0.25 16.0 39.4 25.9 3.6 42.9 1.6 7.9 0.3 50.8 50.8 22.7 26.5

162 0.750 775 180 4 0.5 10.6 26.2 52.6 2.5 56.7 1.4 8.5 0.2 65.2 65.2 0.0 34.8

163 0.750 775 180 6 0 15.2 56.2 -0.9 3.1 47.4 1.5 8.5 0.3 55.9 55.9 20.8 23.2

164 0.750 775 180 6 0.25 11.4 42.2 25.9 2.8 48.9 1.4 7.6 0.2 56.6 56.6 19.5 24.0

165 0.750 775 180 6 0.5 7.5 28.1 52.6 2.0 62.4 1.3 8.1 0.2 70.5 70.5 0.0 29.5

166 0.750 775 180 10 0 9.6 59.6 -0.9 1.8 65.8 1.2 9.5 0.2 75.2 75.2 0.0 24.8

167 0.750 775 180 10 0.25 7.2 44.7 25.9 1.7 66.8 1.2 8.6 0.1 75.4 75.4 0.0 24.6

168 0.750 775 180 10 0.5 4.7 29.8 52.6 1.6 68.3 1.1 7.5 0.1 75.8 75.8 0.0 24.2

169 0.750 775 210 1.5 0 50.1 45.9 -0.9 9.9 30.3 3.0 13.0 1.3 43.3 43.3 30.6 26.1

170 0.750 775 210 1.5 0.25 37.6 34.4 30.3 6.8 30.4 2.1 8.4 0.6 38.8 38.8 29.7 31.5

171 0.750 775 210 1.5 0.5 25.0 23.0 61.5 5.0 31.1 1.6 5.9 0.3 37.0 37.0 27.4 35.5

172 0.750 775 210 2 0 41.8 51.0 -0.9 7.1 33.8 2.4 11.0 0.8 44.8 44.8 28.9 26.3

173 0.750 775 210 2 0.25 31.3 38.3 30.3 5.4 34.2 1.8 8.0 0.4 42.2 42.2 27.7 30.1

174 0.750 775 210 2 0.5 20.8 25.5 61.5 4.2 35.2 1.5 6.1 0.3 41.3 41.3 25.5 33.2

175 0.750 775 210 2.5 0 35.8 54.7 -0.9 5.6 36.6 2.1 9.9 0.6 46.5 46.5 27.3 26.2

176 0.750 775 210 2.5 0.25 26.8 41.0 30.3 4.5 37.2 1.7 7.7 0.4 45.0 45.0 26.2 28.9

177 0.750 775 210 2.5 0.5 17.8 27.3 61.5 2.8 50.8 1.4 8.1 0.2 58.9 58.9 0.0 41.1

178 0.750 775 210 3 0 31.3 57.4 -0.9 4.8 39.0 1.9 9.3 0.4 48.3 48.3 26.0 25.7

179 0.750 775 210 3 0.25 23.4 43.0 30.3 4.0 39.8 1.6 7.6 0.3 47.4 47.4 24.8 27.8

180 0.750 775 210 3 0.5 15.5 28.7 61.5 2.5 53.8 1.4 8.0 0.2 61.7 61.7 0.0 38.3

181 0.750 775 210 4 0 25.0 61.2 -0.9 3.7 42.8 1.6 8.5 0.3 51.4 51.4 23.8 24.8

182 0.750 775 210 4 0.25 18.7 45.9 30.3 3.2 44.0 1.4 7.3 0.2 51.3 51.3 22.6 26.1

183 0.750 775 210 4 0.5 12.4 30.6 61.5 2.2 57.9 1.3 7.7 0.2 65.6 65.6 0.0 34.4

184 0.750 775 210 6 0 17.8 65.6 -0.9 2.7 48.6 1.3 7.8 0.2 56.4 56.4 20.7 22.9

185 0.750 775 210 6 0.25 13.3 49.2 30.3 2.0 62.0 1.2 8.7 0.2 70.7 70.7 0.0 29.3

186 0.750 775 210 6 0.5 8.8 32.8 61.5 1.8 63.5 1.1 7.4 0.1 70.9 70.9 0.0 29.1

187 0.750 775 210 10 0 11.2 69.6 -0.9 1.6 67.0 1.1 8.6 0.1 75.7 75.7 0.0 24.3

188 0.750 775 210 10 0.25 8.4 52.2 30.3 1.5 67.9 1.0 7.8 0.1 75.8 75.8 0.0 24.2

189 0.750 775 210 10 0.5 5.5 34.8 61.5 1.4 69.3 1.0 6.8 0.1 76.1 76.1 0.0 23.9

190 0.750 775 240 1.5 0 57.3 52.5 -0.9 9.9 31.6 3.1 13.4 1.3 45.0 45.0 30.3 24.8

191 0.750 775 240 1.5 0.25 43.0 39.4 34.8 6.4 31.3 2.0 8.1 0.5 39.4 39.4 29.7 30.8

192 0.750 775 240 1.5 0.5 28.6 26.2 70.5 4.6 31.7 1.5 5.6 0.3 37.3 37.3 27.4 35.3

193 0.750 775 240 2 0 47.7 58.3 -0.9 6.8 34.9 2.4 10.8 0.7 45.7 45.7 28.6 25.7

194 0.750 775 240 2 0.25 35.8 43.7 34.8 5.0 35.0 1.8 7.6 0.4 42.6 42.6 27.7 29.7

195 0.750 775 240 2 0.5 23.8 29.2 70.5 2.9 48.4 1.4 7.6 0.2 56.0 56.0 0.0 44.0

196 0.750 775 240 2.5 0 40.9 62.5 -0.9 5.3 37.6 2.0 9.6 0.5 47.2 47.2 27.2 25.6

197 0.750 775 240 2.5 0.25 30.6 46.9 34.8 4.2 38.1 1.6 7.3 0.3 45.5 45.5 26.0 28.5

198 0.750 775 240 2.5 0.5 20.3 31.2 70.5 2.5 51.8 1.3 7.5 0.2 59.3 59.3 0.0 40.7

199 0.750 775 240 3 0 35.8 65.6 -0.9 4.4 39.9 1.8 8.8 0.4 48.7 48.7 25.8 25.4

200 0.750 775 240 3 0.25 26.8 49.2 34.8 2.3 54.1 1.2 7.3 0.2 61.5 61.5 0.0 38.5

201 0.750 775 240 3 0.5 17.8 32.8 70.5 0.0 0.0 0.0 0.0 0.0 0.0 0.0 0.0 0.0

202 0.750 775 240 4 0 28.6 70.0 -0.9 3.4 43.8 1.5 8.0 0.3 51.8 51.8 23.8 24.5

203 0.750 775 240 4 0.25 21.4 52.5 34.8 2.9 44.8 1.3 6.8 0.2 51.6 51.6 22.5 25.9

204 0.750 775 240 4 0.5 14.2 35.0 70.5 2.0 58.8 1.2 7.2 0.1 65.9 65.9 0.0 34.1

205 0.750 775 240 6 0 20.3 75.0 -0.9 2.5 49.5 1.2 7.2 0.2 56.7 56.7 20.6 22.7

206 0.750 775 240 6 0.25 15.2 56.2 34.8 1.8 62.9 1.1 8.0 0.1 71.0 71.0 0.0 29.0

207 0.750 775 240 6 0.5 10.1 37.5 70.5 1.6 64.2 1.0 6.8 0.1 71.0 71.0 0.0 29.0

208 0.750 775 240 10 0 12.9 79.5 -0.9 1.5 67.8 1.0 7.9 0.1 75.7 75.7 0.0 24.3

209 0.750 775 240 10 0.25 9.6 59.6 34.8 1.4 68.6 0.9 7.2 0.1 75.9 75.9 0.0 24.1

210 0.750 775 240 10 0.5 6.3 39.8 70.5 1.3 70.1 0.9 6.3 0.1 76.3 76.3 0.0 23.7

211 0.750 800 120 1.5 0 28.6 26.2 -0.9 0.0 0.0 0.0 0.0 0.0 0.0 0.0 0.0 0.0

212 0.750 800 120 1.5 0.25 21.4 19.7 16.9 23.8 22.4 5.3 25.7 6.1 48.1 49.9 26.5 23.6

213 0.750 800 120 1.5 0.5 14.2 13.1 34.8 16.2 28.3 4.6 20.0 3.2 48.3 48.3 24.0 27.7

214 0.750 800 120 2 0 23.8 29.2 -0.9 0.0 0.0 0.0 0.0 0.0 0.0 0.0 0.0 0.0

215 0.750 800 120 2 0.25 17.8 21.9 16.9 18.5 27.6 5.1 25.0 4.6 52.6 54.2 24.1 21.7

216 0.750 800 120 2 0.5 11.8 14.6 34.8 13.2 33.1 4.4 19.8 2.6 52.8 52.8 22.1 25.0

217 0.750 800 120 2.5 0 20.3 31.2 -0.9 20.6 26.3 5.4 29.5 6.1 55.8 59.0 23.6 17.4

218 0.750 800 120 2.5 0.25 15.2 23.4 16.9 14.8 31.8 4.7 24.0 3.6 55.8 57.3 22.3 20.5

219 0.750 800 120 2.5 0.5 10.1 15.6 34.8 11.3 36.7 4.2 19.5 2.2 56.2 56.2 20.8 23.0

220 0.750 800 120 3 0 17.8 32.8 -0.9 16.4 30.4 5.0 27.5 4.5 57.9 60.9 21.9 17.2

221 0.750 800 120 3 0.25 13.3 24.6 16.9 12.8 35.1 4.5 23.1 3.0 58.2 59.6 21.0 19.4

222 0.750 800 120 3 0.5 8.8 16.4 34.8 10.0 39.9 4.0 19.3 1.9 59.1 59.1 19.4 21.5

223 0.750 800 120 4 0 14.2 35.0 -0.9 12.2 36.1 4.4 25.0 3.1 61.1 63.7 19.8 16.5

224 0.750 800 120 4 0.25 10.6 26.2 16.9 10.2 39.9 4.1 21.9 2.2 61.8 63.0 18.9 18.0

225 0.750 800 120 4 0.5 7.0 17.5 34.8 8.3 44.5 3.7 18.7 1.6 63.2 63.2 17.4 19.5

226 0.750 800 120 6 0 10.1 37.5 -0.9 8.6 43.7 3.7 22.6 1.9 66.2 67.6 17.1 15.3

227 0.750 800 120 6 0.25 7.5 28.1 16.9 7.4 47.0 3.5 20.6 1.5 67.6 67.6 16.2 16.2

228 0.750 800 120 6 0.5 4.9 18.7 34.8 6.4 50.8 3.3 17.8 1.1 68.7 68.7 14.5 16.8

229 0.750 800 120 10 0 6.3 39.8 -0.9 5.8 52.4 3.0 20.3 1.2 72.8 72.8 13.7 13.6

230 0.750 800 120 10 0.25 4.7 29.8 16.9 5.4 54.7 2.9 18.8 1.0 73.5 73.5 12.7 13.8

231 0.750 800 120 10 0.5 3.1 19.9 34.8 4.2 65.3 2.8 18.8 0.8 84.1 84.1 0.0 15.9

232 0.750 800 150 1.5 0 35.8 32.8 -0.9 0.0 0.0 0.0 0.0 0.0 0.0 0.0 0.0 0.0

233 0.750 800 150 1.5 0.25 26.8 24.6 21.4 16.7 25.2 4.2 20.4 3.4 45.5 46.7 27.9 25.5

234 0.750 800 150 1.5 0.5 17.8 16.4 43.7 12.2 29.7 3.6 15.9 1.9 45.6 45.6 25.4 29.0

235 0.750 800 150 2 0 29.8 36.4 -0.9 18.4 25.6 4.7 25.8 4.7 51.3 53.2 27.2 19.7

236 0.750 800 150 2 0.25 22.3 27.3 21.4 13.3 30.3 4.0 20.2 2.7 50.4 51.5 25.4 23.1

237 0.750 800 150 2 0.5 14.8 18.2 43.7 10.1 34.5 3.5 15.9 1.6 50.5 50.5 23.5 26.0

238 0.750 800 150 2.5 0 25.5 39.0 -0.9 14.1 30.5 4.3 23.8 3.4 54.3 55.8 25.0 19.2

239 0.750 800 150 2.5 0.25 19.1 29.3 21.4 10.9 34.6 3.8 19.6 2.1 54.2 54.2 23.9 21.9

240 0.750 800 150 2.5 0.5 12.6 19.5 43.7 8.6 38.3 3.3 15.8 1.4 54.0 54.0 21.9 24.0

241 0.750 800 150 3 0 22.3 41.0 -0.9 11.7 34.1 4.0 22.3 2.6 56.4 57.8 23.5 18.7

242 0.750 800 150 3 0.25 16.7 30.8 21.4 9.4 37.8 3.5 18.9 1.8 56.7 56.7 22.5 20.8

243 0.750 800 150 3 0.5 11.0 20.5 43.7 7.6 41.5 3.2 15.7 1.2 57.2 57.2 20.5 22.3

244 0.750 800 150 4 0 17.8 43.7 -0.9 8.9 39.2 3.5 20.5 1.8 59.7 60.8 21.3 17.8

245 0.750 800 150 4 0.25 13.3 32.8 21.4 7.6 42.4 3.2 18.0 1.4 60.5 60.5 20.3 19.2

246 0.750 800 150 4 0.5 8.8 21.9 43.7 6.4 46.1 2.9 15.3 1.0 61.4 61.4 18.4 20.2

247 0.750 800 150 6 0 12.6 46.9 -0.9 6.3 46.4 2.9 18.7 1.2 65.2 65.2 18.4 16.4

248 0.750 800 150 6 0.25 9.4 35.1 21.4 5.7 48.9 2.8 16.8 1.0 65.8 65.8 17.2 17.0

249 0.750 800 150 6 0.5 6.2 23.4 43.7 4.2 61.9 2.6 17.4 0.7 79.2 79.2 0.0 20.8

250 0.750 800 150 10 0 8.0 49.7 -0.9 4.5 54.1 2.4 16.8 0.7 70.9 70.9 14.8 14.3

251 0.750 800 150 10 0.25 5.9 37.3 21.4 4.1 56.5 2.3 15.5 0.6 71.9 71.9 13.6 14.5

252 0.750 800 150 10 0.5 3.9 24.9 43.7 3.3 67.6 2.2 15.6 0.5 83.3 83.3 0.0 16.7

253 0.750 800 180 1.5 0 43.0 39.4 -0.9 0.0 0.0 0.0 0.0 0.0 0.0 0.0 0.0 0.0

254 0.750 800 180 1.5 0.25 32.2 29.5 25.9 21.9 23.1 5.0 23.7 5.2 46.8 48.3 26.5 25.2

255 0.750 800 180 1.5 0.5 21.4 19.7 52.6 13.6 28.5 3.9 15.8 2.1 44.2 44.2 24.3 31.5

256 0.750 800 180 2 0 35.8 43.7 -0.9 0.0 0.0 0.0 0.0 0.0 0.0 0.0 0.0 0.0

257 0.750 800 180 2 0.25 26.8 32.8 25.9 14.6 29.3 4.3 20.6 3.0 49.9 51.0 24.8 24.2

258 0.750 800 180 2 0.5 17.8 21.9 52.6 10.4 33.6 3.5 15.0 1.6 48.6 48.6 22.9 28.5

259 0.750 800 180 2.5 0 30.6 46.9 -0.9 15.9 29.6 4.7 25.2 4.0 54.8 57.2 23.7 19.0

260 0.750 800 180 2.5 0.25 22.9 35.1 25.9 11.2 34.5 3.9 19.1 2.1 53.6 53.6 23.2 23.2

261 0.750 800 180 2.5 0.5 15.2 23.4 52.6 8.5 37.6 3.2 14.5 1.2 52.1 52.1 21.5 26.4

262 0.750 800 180 3 0 26.8 49.2 -0.9 12.2 34.2 4.2 22.4 2.7 56.6 58.0 22.7 19.3

263 0.750 800 180 3 0.25 20.0 36.9 25.9 9.3 37.8 3.5 17.9 1.7 55.6 55.6 22.0 22.3

264 0.750 800 180 3 0.5 13.3 24.6 52.6 7.4 40.8 3.0 14.2 1.1 54.9 54.9 20.3 24.7

265 0.750 800 180 4 0 21.4 52.5 -0.9 8.8 39.7 3.5 19.6 1.7 59.2 60.3 20.6 19.1

266 0.750 800 180 4 0.25 16.0 39.4 25.9 7.3 42.3 3.1 16.5 1.2 58.9 58.9 20.2 21.0

267 0.750 800 180 4 0.5 10.6 26.2 52.6 6.1 45.3 2.8 13.7 0.8 58.9 58.9 18.5 22.6

268 0.750 800 180 6 0 15.2 56.2 -0.9 6.1 46.6 2.8 17.1 1.0 63.7 63.7 18.1 18.2

269 0.750 800 180 6 0.25 11.4 42.2 25.9 5.4 48.6 2.6 15.1 0.8 63.7 63.7 17.2 19.1

270 0.750 800 180 6 0.5 7.5 28.1 52.6 4.0 60.9 2.4 15.4 0.6 76.2 76.2 0.0 23.8

271 0.750 800 180 10 0 9.6 59.6 -0.9 4.2 54.0 2.3 15.0 0.6 69.0 69.0 14.6 16.4

272 0.750 800 180 10 0.25 7.2 44.7 25.9 3.9 55.7 2.2 13.7 0.5 69.5 69.5 13.6 17.0

273 0.750 800 180 10 0.5 4.7 29.8 52.6 3.1 66.3 2.0 13.8 0.4 80.1 80.1 0.0 19.9

274 0.750 800 210 1.5 0 50.1 45.9 -0.9 0.0 0.0 0.0 0.0 0.0 0.0 0.0 0.0 0.0

275 0.750 800 210 1.5 0.25 37.6 34.4 30.3 0.0 0.0 0.0 0.0 0.0 0.0 0.0 0.0 0.0

276 0.750 800 210 1.5 0.5 25.0 23.0 61.5 18.9 25.9 4.9 19.7 3.7 45.6 45.6 23.5 30.9

277 0.750 800 210 2 0 41.8 51.0 -0.9 19.0 24.6 4.7 26.1 4.9 50.7 52.6 26.8 20.6

278 0.750 800 210 2 0.25 31.3 38.3 30.3 12.1 30.1 3.6 17.8 2.2 48.0 48.0 25.7 26.3

279 0.750 800 210 2 0.5 20.8 25.5 61.5 9.0 33.1 3.0 13.0 1.2 46.1 46.1 23.7 30.2

280 0.750 800 210 2.5 0 35.8 54.7 -0.9 12.6 31.0 3.9 21.3 2.7 52.3 53.6 24.9 21.4

281 0.750 800 210 2.5 0.25 26.8 41.0 30.3 9.5 34.4 3.3 16.3 1.5 50.7 50.7 24.4 25.0

282 0.750 800 210 2.5 0.5 17.8 27.3 61.5 7.4 37.2 2.7 12.5 0.9 49.7 49.7 22.4 28.0

283 0.750 800 210 3 0 31.3 57.4 -0.9 9.8 35.0 3.4 18.8 1.8 53.9 54.9 23.8 21.3

284 0.750 800 210 3 0.25 23.4 43.0 30.3 7.8 37.7 2.9 15.2 1.2 52.9 52.9 23.0 24.1

285 0.750 800 210 3 0.5 15.5 28.7 61.5 6.3 40.3 2.5 12.1 0.8 52.4 52.4 21.3 26.3

286 0.750 800 210 4 0 25.0 61.2 -0.9 7.1 40.2 2.9 16.6 1.2 56.8 56.8 22.1 21.1

287 0.750 800 210 4 0.25 18.7 45.9 30.3 6.1 42.3 2.6 14.1 0.9 56.4 56.4 21.0 22.7

288 0.750 800 210 4 0.5 12.4 30.6 61.5 5.2 44.9 2.3 11.7 0.6 56.6 56.6 19.2 24.2

289 0.750 800 210 6 0 17.8 65.6 -0.9 5.0 46.5 2.3 14.5 0.7 61.0 61.0 19.2 19.8

290 0.750 800 210 6 0.25 13.3 49.2 30.3 4.5 48.3 2.2 12.8 0.6 61.2 61.2 18.0 20.8

291 0.750 800 210 6 0.5 8.8 32.8 61.5 3.4 60.7 2.1 13.3 0.4 74.0 74.0 0.0 26.0

292 0.750 800 210 10 0 11.2 69.6 -0.9 3.4 53.8 1.9 12.8 0.4 66.6 66.6 15.3 18.1

293 0.750 800 210 10 0.25 8.4 52.2 30.3 2.8 64.6 1.8 13.7 0.4 78.2 78.2 0.0 21.8

294 0.750 800 210 10 0.5 5.5 34.8 61.5 2.6 66.2 1.7 11.9 0.3 78.1 78.1 0.0 21.9

295 0.750 800 240 1.5 0 57.3 52.5 -0.9 0.0 0.0 0.0 0.0 0.0 0.0 0.0 0.0 0.0

296 0.750 800 240 1.5 0.25 43.0 39.4 34.8 0.0 0.0 0.0 0.0 0.0 0.0 0.0 0.0 0.0

297 0.750 800 240 1.5 0.5 28.6 26.2 70.5 15.6 26.9 4.2 17.0 2.7 43.9 43.9 24.6 31.5

298 0.750 800 240 2 0 47.7 58.3 -0.9 0.0 0.0 0.0 0.0 0.0 0.0 0.0 0.0 0.0

299 0.750 800 240 2 0.25 35.8 43.7 34.8 9.4 33.1 3.1 14.8 1.4 47.9 47.9 26.7 25.4

300 0.750 800 240 2 0.5 23.8 29.2 70.5 6.9 35.3 2.5 10.7 0.7 46.0 46.0 25.0 29.1

301 0.750 800 240 2.5 0 40.9 62.5 -0.9 9.3 35.6 3.3 17.3 1.6 52.9 52.9 25.9 21.2

302 0.750 800 240 2.5 0.25 30.6 46.9 34.8 7.0 37.6 2.6 13.0 0.9 50.6 50.6 25.2 24.2

303 0.750 800 240 2.5 0.5 20.3 31.2 70.5 5.6 39.7 2.2 10.1 0.6 49.8 49.8 23.5 26.7

304 0.750 800 240 3 0 35.8 65.6 -0.9 7.0 38.9 2.7 14.9 1.0 53.7 53.7 25.0 21.2

305 0.750 800 240 3 0.25 26.8 49.2 34.8 5.7 40.5 2.3 12.0 0.7 52.6 52.6 24.1 23.3

306 0.750 800 240 3 0.5 17.8 32.8 70.5 4.8 42.9 2.0 9.8 0.5 52.7 52.7 22.1 25.2

307 0.750 800 240 4 0 28.6 70.0 -0.9 5.2 43.3 2.2 13.0 0.7 56.3 56.3 23.0 20.7

308 0.750 800 240 4 0.25 21.4 52.5 34.8 4.5 44.9 2.0 11.1 0.5 56.0 56.0 22.0 22.0

309 0.750 800 240 4 0.5 14.2 35.0 70.5 3.1 59.1 1.9 11.9 0.4 71.0 71.0 0.0 29.0

310 0.750 800 240 6 0 20.3 75.0 -0.9 3.6 49.2 1.8 11.4 0.4 60.6 60.6 19.8 19.5

311 0.750 800 240 6 0.25 15.2 56.2 34.8 3.3 50.7 1.7 10.3 0.3 61.0 61.0 18.7 20.2

312 0.750 800 240 6 0.5 10.1 37.5 70.5 2.5 63.7 1.6 10.9 0.3 74.6 74.6 0.0 25.4

313 0.750 800 240 10 0 12.9 79.5 -0.9 2.6 56.0 1.4 10.2 0.3 66.1 66.1 15.7 18.2

314 0.750 800 240 10 0.25 9.6 59.6 34.8 2.1 67.1 1.4 11.1 0.2 78.2 78.2 0.0 21.8

315 0.750 800 240 10 0.5 6.3 39.8 70.5 2.0 68.0 1.4 9.8 0.2 77.7 77.7 0.0 22.3

316 0.750 825 120 1.5 0 28.6 26.2 -0.9 0.0 0.0 0.0 0.0 0.0 0.0 0.0 0.0 0.0

317 0.750 825 120 1.5 0.25 21.4 19.7 16.9 0.0 0.0 0.0 0.0 0.0 0.0 0.0 0.0 0.0

318 0.750 825 120 1.5 0.5 14.2 13.1 34.8 21.5 25.9 5.6 26.8 5.8 52.7 54.4 24.1 21.6

319 0.750 825 120 2 0 23.8 29.2 -0.9 0.0 0.0 0.0 0.0 0.0 0.0 0.0 0.0 0.0

320 0.750 825 120 2 0.25 17.8 21.9 16.9 24.6 23.3 5.7 31.9 7.8 55.2 58.4 24.2 17.4

321 0.750 825 120 2 0.5 11.8 14.6 34.8 17.4 30.9 5.4 26.9 4.7 57.8 59.5 21.6 19.0

322 0.750 825 120 2.5 0 20.3 31.2 -0.9 34.6 16.2 5.6 37.5 13.0 53.7 57.9 26.7 15.4

323 0.750 825 120 2.5 0.25 15.2 23.4 16.9 20.6 27.5 5.7 31.6 6.5 59.1 62.4 21.7 15.9

324 0.750 825 120 2.5 0.5 10.1 15.6 34.8 15.2 34.5 5.3 26.9 4.1 61.4 63.1 19.5 17.4

325 0.750 825 120 3 0 17.8 32.8 -0.9 26.8 22.1 5.9 37.5 10.0 59.6 63.9 22.4 13.7

326 0.750 825 120 3 0.25 13.3 24.6 16.9 18.1 30.7 5.6 31.3 5.7 62.0 65.4 19.8 14.8

327 0.750 825 120 3 0.5 8.8 16.4 34.8 13.8 37.4 5.2 26.9 3.7 64.4 66.0 17.9 16.1

328 0.750 825 120 4 0 14.2 35.0 -0.9 18.2 30.5 5.5 34.2 6.2 64.7 68.8 18.6 12.5

329 0.750 825 120 4 0.25 10.6 26.2 16.9 14.6 36.0 5.2 30.1 4.4 66.1 69.4 17.2 13.4

330 0.750 825 120 4 0.5 7.0 17.5 34.8 11.7 41.9 4.9 26.3 3.1 68.2 69.8 15.7 14.5

331 0.750 825 120 6 0 10.1 37.5 -0.9 12.4 39.1 4.8 30.7 3.8 69.9 73.5 15.2 11.2

332 0.750 825 120 6 0.25 7.5 28.1 16.9 10.7 43.0 4.6 27.9 3.0 70.9 74.0 14.2 11.8

333 0.750 825 120 6 0.5 4.9 18.7 34.8 8.9 48.9 4.3 25.4 2.3 74.3 74.3 12.9 12.8

334 0.750 825 120 10 0 6.3 39.8 -0.9 8.3 48.1 4.0 27.3 2.3 75.4 78.6 11.6 9.8

335 0.750 825 120 10 0.25 4.7 29.8 16.9 7.5 51.5 3.9 25.7 1.9 77.2 78.8 10.9 10.3

336 0.750 825 120 10 0.5 3.1 19.9 34.8 6.0 62.0 3.7 25.9 1.5 87.9 87.9 0.0 12.1

337 0.750 825 150 1.5 0 35.8 32.8 -0.9 0.0 0.0 0.0 0.0 0.0 0.0 0.0 0.0 0.0

338 0.750 825 150 1.5 0.25 26.8 24.6 21.4 0.0 0.0 0.0 0.0 0.0 0.0 0.0 0.0 0.0

339 0.750 825 150 1.5 0.5 17.8 16.4 43.7 14.5 30.8 4.5 22.1 3.2 52.9 52.9 25.8 21.3

340 0.750 825 150 2 0 29.8 36.4 -0.9 0.0 0.0 0.0 0.0 0.0 0.0 0.0 0.0 0.0

341 0.750 825 150 2 0.25 22.3 27.3 21.4 15.2 30.0 4.6 25.6 3.9 55.6 57.2 25.7 17.0

342 0.750 825 150 2 0.5 14.8 18.2 43.7 12.0 35.6 4.3 22.1 2.7 57.7 57.7 23.4 18.9

343 0.750 825 150 2.5 0 25.5 39.0 -0.9 17.3 28.5 4.9 29.7 5.1 58.2 61.3 24.7 14.0

344 0.750 825 150 2.5 0.25 19.1 29.3 21.4 13.2 34.0 4.5 25.4 3.4 59.5 61.1 23.2 15.7

345 0.750 825 150 2.5 0.5 12.6 19.5 43.7 10.6 39.4 4.2 22.1 2.3 61.6 61.6 21.1 17.3

346 0.750 825 150 3 0 22.3 41.0 -0.9 14.9 32.1 4.8 29.0 4.3 61.1 64.1 22.5 13.4

347 0.750 825 150 3 0.25 16.7 30.8 21.4 11.8 37.0 4.4 25.2 3.0 62.3 63.8 21.3 14.8

348 0.750 825 150 3 0.5 11.0 20.5 43.7 9.5 42.3 4.0 22.0 2.1 64.3 64.3 19.5 16.2

349 0.750 825 150 4 0 17.8 43.7 -0.9 11.6 37.6 4.4 27.1 3.1 64.7 67.5 19.8 12.7

350 0.750 825 150 4 0.25 13.3 32.8 21.4 9.7 41.8 4.0 24.2 2.3 66.0 67.4 18.8 13.8

351 0.750 825 150 4 0.5 8.8 21.9 43.7 8.1 46.6 3.8 21.4 1.7 68.0 68.0 17.2 14.8

352 0.750 825 150 6 0 12.6 46.9 -0.9 8.2 45.4 3.7 24.7 2.0 70.0 71.6 16.6 11.8

353 0.750 825 150 6 0.25 9.4 35.1 21.4 7.2 48.9 3.5 22.8 1.7 71.7 71.7 15.8 12.4

354 0.750 825 150 6 0.5 6.2 23.4 43.7 6.4 52.6 3.4 20.4 1.3 73.0 73.0 14.1 13.0

355 0.750 825 150 10 0 8.0 49.7 -0.9 5.7 53.9 3.0 22.5 1.3 76.3 76.3 13.1 10.5

356 0.750 825 150 10 0.25 5.9 37.3 21.4 5.2 56.2 3.0 20.8 1.1 77.1 77.1 12.1 10.8

357 0.750 825 150 10 0.5 3.9 24.9 43.7 4.3 66.3 2.9 21.1 0.9 87.4 87.4 0.0 12.6

358 0.750 825 180 1.5 0 43.0 39.4 -0.9 0.0 0.0 0.0 0.0 0.0 0.0 0.0 0.0 0.0

359 0.750 825 180 1.5 0.25 32.2 29.5 25.9 0.0 0.0 0.0 0.0 0.0 0.0 0.0 0.0 0.0

360 0.750 825 180 1.5 0.5 21.4 19.7 52.6 20.2 27.3 5.5 24.7 5.0 52.0 53.4 23.5 23.1

361 0.750 825 180 2 0 35.8 43.7 -0.9 27.6 18.0 5.0 34.3 9.5 52.3 55.7 30.0 14.3

362 0.750 825 180 2 0.25 26.8 32.8 25.9 13.6 30.5 4.2 23.8 3.2 54.3 55.7 26.2 18.0

363 0.750 825 180 2 0.5 17.8 21.9 52.6 11.0 35.5 3.9 20.3 2.2 55.8 55.8 23.8 20.4

364 0.750 825 180 2.5 0 30.6 46.9 -0.9 14.6 30.1 4.4 27.3 4.0 57.3 59.3 25.6 15.1

365 0.750 825 180 2.5 0.25 22.9 35.1 25.9 11.6 34.7 4.0 23.2 2.7 57.9 59.3 23.9 16.8

366 0.750 825 180 2.5 0.5 15.2 23.4 52.6 9.5 39.5 3.7 20.0 1.9 59.5 59.5 21.8 18.7

367 0.750 825 180 3 0 26.8 49.2 -0.9 12.3 34.0 4.2 26.1 3.2 60.1 62.0 23.5 14.6

368 0.750 825 180 3 0.25 20.0 36.9 25.9 10.1 38.0 3.8 22.7 2.3 60.6 61.9 22.1 16.0

369 0.750 825 180 3 0.5 13.3 24.6 52.6 8.4 42.6 3.6 19.6 1.7 62.3 62.3 20.2 17.5

370 0.750 825 180 4 0 21.4 52.5 -0.9 9.4 39.7 3.7 24.1 2.3 63.8 65.4 20.7 13.9

371 0.750 825 180 4 0.25 16.0 39.4 25.9 8.0 43.5 3.5 21.8 1.7 65.3 65.3 19.7 15.0

372 0.750 825 180 4 0.5 10.6 26.2 52.6 7.0 47.2 3.3 19.0 1.3 66.2 66.2 17.8 16.0

373 0.750 825 180 6 0 15.2 56.2 -0.9 6.7 46.6 3.1 21.8 1.5 68.5 69.7 17.5 12.9

374 0.750 825 180 6 0.25 11.4 42.2 25.9 6.1 49.8 3.0 20.1 1.2 69.9 69.9 16.5 13.5

375 0.750 825 180 6 0.5 7.5 28.1 52.6 5.5 53.2 2.9 17.9 1.0 71.1 71.1 14.6 14.3

376 0.750 825 180 10 0 9.6 59.6 -0.9 4.6 55.0 2.6 19.7 0.9 74.6 74.6 13.7 11.7

377 0.750 825 180 10 0.25 7.2 44.7 25.9 4.4 56.8 2.5 18.4 0.8 75.2 75.2 12.7 12.1

378 0.750 825 180 10 0.5 4.7 29.8 52.6 3.6 67.3 2.4 18.5 0.7 85.9 85.9 0.0 14.1

379 0.750 825 210 1.5 0 50.1 45.9 -0.9 0.0 0.0 0.0 0.0 0.0 0.0 0.0 0.0 0.0

380 0.750 825 210 1.5 0.25 37.6 34.4 30.3 0.0 0.0 0.0 0.0 0.0 0.0 0.0 0.0 0.0

381 0.750 825 210 1.5 0.5 25.0 23.0 61.5 25.4 22.8 5.8 27.6 7.0 50.4 52.1 24.6 23.3

382 0.750 825 210 2 0 41.8 51.0 -0.9 39.7 1.6 0.6 15.3 6.1 16.9 18.8 66.7 14.5

383 0.750 825 210 2 0.25 31.3 38.3 30.3 19.2 26.6 5.1 28.3 5.4 54.9 56.9 24.8 18.2

384 0.750 825 210 2 0.5 20.8 25.5 61.5 13.5 33.2 4.5 21.9 3.0 55.0 55.0 22.7 22.3

385 0.750 825 210 2.5 0 35.8 54.7 -0.9 25.1 20.9 5.2 35.8 9.0 56.7 60.5 26.1 13.4

386 0.750 825 210 2.5 0.25 26.8 41.0 30.3 13.9 32.5 4.5 25.5 3.6 58.0 59.6 23.0 17.4

387 0.750 825 210 2.5 0.5 17.8 27.3 61.5 10.5 38.1 4.0 20.4 2.1 58.5 58.5 21.2 20.3

388 0.750 825 210 3 0 31.3 57.4 -0.9 15.8 30.3 4.8 29.9 4.7 60.2 63.3 22.7 14.0

389 0.750 825 210 3 0.25 23.4 43.0 30.3 11.6 36.5 4.2 24.1 2.8 60.6 62.0 21.5 16.5

390 0.750 825 210 3 0.5 15.5 28.7 61.5 9.0 41.6 3.8 19.7 1.8 61.3 61.3 19.9 18.8

391 0.750 825 210 4 0 25.0 61.2 -0.9 0.0 0.0 0.0 0.0 0.0 0.0 0.0 0.0 0.0

392 0.750 825 210 4 0.25 18.7 45.9 30.3 8.7 41.4 3.6 22.0 1.9 63.4 64.5 19.7 15.7

393 0.750 825 210 4 0.5 12.4 30.6 61.5 7.3 46.3 3.4 18.7 1.4 65.0 65.0 17.7 17.3

394 0.750 825 210 6 0 17.8 65.6 -0.9 7.3 45.8 3.3 22.3 1.6 68.1 69.4 17.3 13.3

395 0.750 825 210 6 0.25 13.3 49.2 30.3 6.4 49.1 3.1 20.1 1.3 69.2 69.2 16.5 14.4

396 0.750 825 210 6 0.5 8.8 32.8 61.5 5.6 52.5 2.9 17.4 1.0 69.9 69.9 14.7 15.4

397 0.750 825 210 10 0 11.2 69.6 -0.9 4.8 54.6 2.6 19.4 0.9 74.0 74.0 13.7 12.4

398 0.750 825 210 10 0.25 8.4 52.2 30.3 4.5 56.5 2.5 17.8 0.8 74.3 74.3 12.8 12.9

399 0.750 825 210 10 0.5 5.5 34.8 61.5 3.7 66.9 2.4 17.8 0.7 84.7 84.7 0.0 15.3

400 0.750 825 240 1.5 0 57.3 52.5 -0.9 0.0 0.0 0.0 0.0 0.0 0.0 0.0 0.0 0.0

401 0.750 825 240 1.5 0.25 43.0 39.4 34.8 0.0 0.0 0.0 0.0 0.0 0.0 0.0 0.0 0.0

402 0.750 825 240 1.5 0.5 28.6 26.2 70.5 26.1 22.5 5.9 28.2 7.4 50.7 52.5 24.8 22.8

403 0.750 825 240 2 0 47.7 58.3 -0.9 0.0 0.0 0.0 0.0 0.0 0.0 0.0 0.0 0.0

404 0.750 825 240 2 0.25 35.8 43.7 34.8 16.0 28.6 4.6 26.3 4.2 54.9 56.6 25.3 18.1

405 0.750 825 240 2 0.5 23.8 29.2 70.5 12.1 34.3 4.2 20.3 2.5 54.7 54.7 23.1 22.2

406 0.750 825 240 2.5 0 40.9 62.5 -0.9 19.8 25.6 5.1 32.6 6.4 58.2 61.5 24.9 13.7

407 0.750 825 240 2.5 0.25 30.6 46.9 34.8 12.3 34.2 4.2 23.6 2.9 57.8 59.2 23.4 17.5

408 0.750 825 240 2.5 0.5 20.3 31.2 70.5 9.5 39.1 3.7 18.9 1.8 58.0 58.0 21.8 20.2

409 0.750 825 240 3 0 35.8 65.6 -0.9 13.7 32.8 4.5 27.6 3.8 60.4 63.1 22.8 14.1

410 0.750 825 240 3 0.25 26.8 49.2 34.8 10.2 38.2 3.9 22.1 2.2 60.2 61.4 21.9 16.6

411 0.750 825 240 3 0.5 17.8 32.8 70.5 8.1 42.6 3.5 18.1 1.5 60.7 60.7 20.4 18.9

412 0.750 825 240 4 0 28.6 70.0 -0.9 9.3 40.0 3.7 23.6 2.2 63.7 65.1 20.7 14.2

413 0.750 825 240 4 0.25 21.4 52.5 34.8 7.7 43.8 3.4 20.3 1.6 64.1 64.1 20.0 15.9

414 0.750 825 240 4 0.5 14.2 35.0 70.5 6.5 47.4 3.1 17.1 1.1 64.4 64.4 18.2 17.3

415 0.750 825 240 6 0 20.3 75.0 -0.9 6.1 48.1 3.0 20.2 1.2 68.4 68.4 17.9 13.8

416 0.750 825 240 6 0.25 15.2 56.2 34.8 5.5 50.7 2.8 17.9 1.0 68.5 68.5 16.9 14.6

417 0.750 825 240 6 0.5 10.1 37.5 70.5 4.2 63.2 2.7 18.5 0.8 81.7 81.7 0.0 18.3

418 0.750 825 240 10 0 12.9 79.5 -0.9 4.1 56.0 2.3 17.2 0.7 73.2 73.2 14.2 12.6

419 0.750 825 240 10 0.25 9.6 59.6 34.8 3.9 57.9 2.2 15.9 0.6 73.8 73.8 13.1 13.1

420 0.750 825 240 10 0.5 6.3 39.8 70.5 3.2 68.4 2.2 16.1 0.5 84.5 84.5 0.0 15.5

421 0.750 850 120 1.5 0 28.6 26.2 0.0 49.8 1.7 0.8 15.2 7.6 16.9 18.0 52.9 29.1

422 0.750 850 120 1.5 0.25 21.4 19.7 16.9 50.6 3.1 1.6 20.8 10.5 23.9 25.6 46.2 28.3

423 0.750 850 120 1.5 0.5 14.2 13.1 34.8 52.6 7.5 3.9 28.2 14.8 35.7 38.1 32.3 29.6

424 0.750 850 120 2 0 23.8 29.2 0.0 41.6 3.7 1.5 25.3 10.5 29.0 31.4 43.6 25.0

425 0.750 850 120 2 0.25 17.8 21.9 16.9 42.7 6.9 2.9 30.7 13.1 37.5 40.6 35.0 24.4

426 0.750 850 120 2 0.5 11.8 14.6 34.8 44.4 12.3 5.5 34.9 15.5 47.2 50.5 23.2 26.4

427 0.750 850 120 2.5 0 20.3 31.2 0.0 36.7 7.7 2.8 34.5 12.6 42.2 46.3 32.3 21.4

428 0.750 850 120 2.5 0.25 15.2 23.4 16.9 37.7 11.4 4.3 36.8 13.9 48.3 52.3 26.5 21.2

429 0.750 850 120 2.5 0.5 10.1 15.6 34.8 39.0 15.9 6.2 38.4 15.0 54.4 58.1 17.7 24.2

430 0.750 850 120 3 0 17.8 32.8 0.0 33.5 11.4 3.8 38.9 13.0 50.2 55.0 26.5 18.5

431 0.750 850 120 3 0.25 13.3 24.6 16.9 34.3 14.9 5.1 39.8 13.7 54.7 59.2 21.8 19.1

432 0.750 850 120 3 0.5 8.8 16.4 34.8 34.7 19.2 6.6 40.3 14.0 59.5 63.5 14.0 22.5

433 0.750 850 120 4 0 14.2 35.0 0.0 28.4 16.9 4.8 42.9 12.2 59.8 64.9 19.6 15.4

434 0.750 850 120 4 0.25 10.6 26.2 16.9 29.2 20.1 5.9 42.8 12.5 62.9 67.7 15.8 16.6

435 0.750 850 120 4 0.5 7.0 17.5 34.8 28.8 24.2 7.0 41.4 11.9 65.6 70.3 9.8 19.9

436 0.750 850 120 6 0 10.1 37.5 0.0 22.4 24.7 5.5 44.3 9.9 69.0 74.8 12.6 12.6

437 0.750 850 120 6 0.25 7.5 28.1 16.9 22.2 27.9 6.2 42.9 9.5 70.8 76.2 9.6 14.2

438 0.750 850 120 6 0.5 4.9 18.7 34.8 21.4 31.8 6.8 40.3 8.6 72.1 76.8 6.8 16.4

439 0.750 850 120 10 0 6.3 39.8 0.0 15.6 35.4 5.5 41.3 6.4 76.7 82.2 7.0 10.8

440 0.750 850 120 10 0.25 4.7 29.8 16.9 15.2 38.1 5.8 39.3 5.9 77.4 82.3 5.9 11.8

441 0.750 850 120 10 0.5 3.1 19.9 34.8 0.0 0.0 0.0 0.0 0.0 0.0 0.0 0.0 0.0

442 0.750 850 150 1.5 0 35.8 32.8 0.0 49.3 1.6 0.8 12.8 6.3 14.4 15.6 59.6 24.8

443 0.750 850 150 1.5 0.25 26.8 24.6 21.4 50.7 2.2 1.1 17.3 8.8 19.6 20.9 51.9 27.2

444 0.750 850 150 1.5 0.5 17.8 16.4 43.7 52.2 5.5 2.9 25.8 13.5 31.3 33.5 37.9 28.6

445 0.750 850 150 2 0 29.8 36.4 0.0 41.8 2.1 0.9 20.0 8.4 22.1 23.7 50.5 25.9

446 0.750 850 150 2 0.25 22.3 27.3 21.4 42.0 4.2 1.8 26.0 10.9 30.2 32.5 41.8 25.7

447 0.750 850 150 2 0.5 14.8 18.2 43.7 43.9 10.3 4.5 33.4 14.7 43.7 46.9 28.6 24.5

448 0.750 850 150 2.5 0 25.5 39.0 0.0 35.9 4.3 1.6 28.7 10.3 33.0 35.8 40.7 23.5

449 0.750 850 150 2.5 0.25 19.1 29.3 21.4 37.1 8.6 3.2 34.2 12.7 42.8 46.4 32.2 21.4

450 0.750 850 150 2.5 0.5 12.6 19.5 43.7 38.6 14.8 5.7 37.6 14.5 52.4 56.1 21.2 22.7

451 0.750 850 150 3 0 22.3 41.0 0.0 32.6 8.1 2.6 36.0 11.7 44.1 48.5 31.7 19.8

452 0.750 850 150 3 0.25 16.7 30.8 21.4 33.7 12.7 4.3 38.8 13.1 51.5 55.8 25.4 18.8

453 0.750 850 150 3 0.5 11.0 20.5 43.7 34.4 18.4 6.3 39.6 13.6 58.0 61.9 16.6 21.5

454 0.750 850 150 4 0 17.8 43.7 0.0 28.0 14.6 4.1 42.2 11.8 56.8 62.2 22.4 15.4

455 0.750 850 150 4 0.25 13.3 32.8 21.4 28.6 18.9 5.4 42.5 12.2 61.4 66.2 17.7 16.1

456 0.750 850 150 4 0.5 8.8 21.9 43.7 28.6 24.1 6.9 40.9 11.7 65.0 69.0 11.2 19.7

457 0.750 850 150 6 0 12.6 46.9 0.0 22.1 24.0 5.3 44.4 9.8 68.4 74.0 13.6 12.5

458 0.750 850 150 6 0.25 9.4 35.1 21.4 22.1 27.7 6.1 42.6 9.4 70.2 75.4 10.5 14.1

459 0.750 850 150 6 0.5 6.2 23.4 43.7 21.8 31.9 6.9 40.2 8.8 72.1 76.7 7.2 16.1

460 0.750 850 150 10 0 8.0 49.7 0.0 15.7 35.2 5.5 41.0 6.4 76.2 81.5 7.4 11.1

461 0.750 850 150 10 0.25 5.9 37.3 21.4 15.3 38.5 5.9 38.8 5.9 77.3 82.1 5.9 12.0

462 0.750 850 150 10 0.5 3.9 24.9 43.7 14.1 44.0 6.2 38.2 5.4 82.1 86.5 0.0 13.5

463 0.750 850 180 1.5 0 43.0 39.4 0.0 0.0 0.0 0.0 0.0 0.0 0.0 0.0 0.0 0.0

464 0.750 850 180 1.5 0.25 32.2 29.5 25.9 0.0 0.0 0.0 0.0 0.0 0.0 0.0 0.0 0.0

465 0.750 850 180 1.5 0.5 21.4 19.7 52.6 53.7 6.3 3.4 28.3 15.2 34.5 37.1 37.0 25.9

466 0.750 850 180 2 0 35.8 43.7 0.0 40.2 2.4 1.0 17.8 7.2 20.3 22.4 57.5 20.1

467 0.750 850 180 2 0.25 26.8 32.8 25.9 42.7 2.8 1.2 23.1 9.9 25.9 27.7 46.5 25.8

468 0.750 850 180 2 0.5 17.8 21.9 52.6 44.1 8.5 3.7 32.1 14.2 40.6 43.6 32.9 23.5

469 0.750 850 180 2.5 0 30.6 46.9 0.0 36.7 3.0 1.1 25.0 9.2 28.0 30.1 46.0 24.0

470 0.750 850 180 2.5 0.25 22.9 35.1 25.9 36.9 6.3 2.3 31.1 11.5 37.4 40.3 37.0 22.6

471 0.750 850 180 2.5 0.5 15.2 23.4 52.6 38.8 13.1 5.1 36.8 14.3 49.9 53.5 25.1 21.3

472 0.750 850 180 3 0 26.8 49.2 0.0 32.5 6.3 2.0 32.8 10.7 39.1 42.9 36.0 21.1

473 0.750 850 180 3 0.25 20.0 36.9 25.9 33.2 11.0 3.7 36.9 12.3 48.0 52.0 28.4 19.6

474 0.750 850 180 3 0.5 13.3 24.6 52.6 34.4 17.2 5.9 38.7 13.3 55.9 59.7 19.3 20.9

475 0.750 850 180 4 0 21.4 52.5 -0.9 27.6 13.0 3.6 40.4 11.2 53.4 58.6 25.0 16.5

476 0.750 850 180 4 0.25 16.0 39.4 25.9 28.3 17.9 5.1 41.1 11.6 59.1 63.7 19.9 16.4

477 0.750 850 180 4 0.5 10.6 26.2 52.6 28.7 23.4 6.7 40.1 11.5 63.5 67.5 13.1 19.4

478 0.750 850 180 6 0 15.2 56.2 -0.9 21.8 23.2 5.1 43.5 9.5 66.7 71.8 15.2 13.0

479 0.750 850 180 6 0.25 11.4 42.2 25.9 21.9 27.2 5.9 41.3 9.0 68.5 73.5 12.0 14.5

480 0.750 850 180 6 0.5 7.5 28.1 52.6 21.8 31.8 6.9 39.3 8.6 71.1 75.6 8.0 16.4

481 0.750 850 180 10 0 9.6 59.6 -0.9 15.3 35.2 5.4 39.7 6.1 74.9 79.9 8.5 11.6

482 0.750 850 180 10 0.25 7.2 44.7 25.9 15.3 38.2 5.8 37.7 5.8 75.9 80.5 6.9 12.6

483 0.750 850 180 10 0.5 4.7 29.8 52.6 14.8 41.9 6.2 35.5 5.2 77.4 81.4 5.4 13.1

484 0.750 850 210 1.5 0 50.1 45.9 -0.9 0.0 0.0 0.0 0.0 0.0 0.0 0.0 0.0 0.0

485 0.750 850 210 1.5 0.25 37.6 34.4 30.3 0.0 0.0 0.0 0.0 0.0 0.0 0.0 0.0 0.0

486 0.750 850 210 1.5 0.5 25.0 23.0 61.5 53.2 4.5 2.4 25.0 13.3 29.5 31.6 40.2 28.2

487 0.750 850 210 2 0 41.8 51.0 -0.9 41.1 1.1 0.5 13.0 5.3 14.1 15.5 65.4 19.1

488 0.750 850 210 2 0.25 31.3 38.3 30.3 43.2 1.7 0.7 17.7 7.6 19.4 20.6 53.9 25.5

489 0.750 850 210 2 0.5 20.8 25.5 61.5 43.5 6.3 2.7 29.0 12.6 35.3 37.9 37.8 24.4

490 0.750 850 210 2.5 0 35.8 54.7 -0.9 37.8 1.7 0.6 18.5 7.0 20.2 21.4 55.1 23.5

491 0.750 850 210 2.5 0.25 26.8 41.0 30.3 36.8 4.0 1.5 25.9 9.5 29.9 32.0 44.3 23.7

492 0.750 850 210 2.5 0.5 17.8 27.3 61.5 37.8 11.3 4.3 34.5 13.0 45.7 49.1 28.9 22.1

493 0.750 850 210 3 0 31.3 57.4 -0.9 32.7 4.1 1.3 28.4 9.3 32.5 35.3 42.7 22.0

494 0.750 850 210 3 0.25 23.4 43.0 30.3 32.9 8.4 2.8 34.1 11.2 42.5 46.0 33.6 20.4

495 0.750 850 210 3 0.5 15.5 28.7 61.5 33.9 16.1 5.5 37.7 12.8 53.8 57.6 22.1 20.3

496 0.750 850 210 4 0 25.0 61.2 -0.9 27.6 10.8 3.0 39.3 10.8 50.0 54.8 28.1 17.0

497 0.750 850 210 4 0.25 18.7 45.9 30.3 27.9 16.4 4.6 40.2 11.2 56.6 61.1 22.3 16.6

498 0.750 850 210 4 0.5 12.4 30.6 61.5 28.3 22.5 6.4 39.6 11.2 62.1 66.1 14.9 19.0

499 0.750 850 210 6 0 17.8 65.6 -0.9 21.5 22.3 4.8 42.9 9.2 65.1 70.3 16.6 13.1

500 0.750 850 210 6 0.25 13.3 49.2 30.3 21.6 26.9 5.8 41.1 8.9 68.0 72.4 13.2 14.4

501 0.750 850 210 6 0.5 8.8 32.8 61.5 21.8 31.2 6.8 39.2 8.6 70.4 74.8 9.1 16.1

502 0.750 850 210 10 0 11.2 69.6 -0.9 15.0 35.0 5.3 39.0 5.9 74.0 78.9 9.2 11.9

503 0.750 850 210 10 0.25 8.4 52.2 30.3 15.0 37.9 5.7 37.3 5.6 75.2 79.7 7.6 12.7

504 0.750 850 210 10 0.5 5.5 34.8 61.5 14.8 41.7 6.2 35.4 5.3 77.1 81.1 5.9 12.9

505 0.750 850 240 1.5 0 57.3 52.5 -0.9 0.0 0.0 0.0 0.0 0.0 0.0 0.0 0.0 0.0

506 0.750 850 240 1.5 0.25 43.0 39.4 34.8 0.0 0.0 0.0 0.0 0.0 0.0 0.0 0.0 0.0

507 0.750 850 240 1.5 0.5 28.6 26.2 70.5 54.1 3.3 1.8 22.3 12.1 25.7 27.4 44.1 28.5

508 0.750 850 240 2 0 47.7 58.3 -0.9 43.5 0.7 0.3 10.9 4.7 11.6 12.7 69.9 17.4

509 0.750 850 240 2 0.25 35.8 43.7 34.8 44.5 7.4 3.3 31.3 13.9 38.6 41.6 35.2 23.1

510 0.750 850 240 2 0.5 23.8 29.2 70.5 0.0 0.0 0.0 0.0 0.0 0.0 0.0 0.0 0.0

511 0.750 850 240 2.5 0 40.9 62.5 -0.9 35.6 1.5 0.5 16.9 6.0 18.4 20.3 58.8 20.9

512 0.750 850 240 2.5 0.25 30.6 46.9 34.8 37.9 2.7 1.0 22.3 8.5 25.0 26.5 49.6 23.8

513 0.750 850 240 2.5 0.5 20.3 31.2 70.5 38.0 9.0 3.4 32.7 12.4 41.7 44.7 33.3 22.0

514 0.750 850 240 3 0 35.8 65.6 -0.9 33.8 2.6 0.9 23.1 7.8 25.7 27.5 50.5 22.1

515 0.750 850 240 3 0.25 26.8 49.2 34.8 32.8 6.2 2.0 31.1 10.2 37.3 40.2 38.8 21.0

516 0.750 850 240 3 0.5 17.8 32.8 70.5 34.1 14.2 4.8 36.7 12.5 50.9 54.5 25.7 19.8

517 0.750 850 240 4 0 28.6 70.0 -0.9 27.4 8.1 2.2 35.8 9.8 43.9 48.0 33.9 18.1

518 0.750 850 240 4 0.25 21.4 52.5 34.8 27.8 14.1 3.9 38.9 10.8 53.0 57.3 26.0 16.7

519 0.750 850 240 4 0.5 14.2 35.0 70.5 28.2 21.5 6.0 39.3 11.1 60.8 64.7 16.9 18.3

520 0.750 850 240 6 0 20.3 75.0 -0.9 21.4 20.3 4.3 42.7 9.1 62.9 68.2 18.7 13.1

521 0.750 850 240 6 0.25 15.2 56.2 34.8 21.5 25.8 5.6 41.0 8.8 66.8 71.2 14.7 14.0

522 0.750 850 240 6 0.5 10.1 37.5 70.5 21.8 30.3 6.6 39.4 8.6 69.6 74.0 9.9 16.1

523 0.750 850 240 10 0 12.9 79.5 -0.9 14.9 34.5 5.1 38.8 5.8 73.3 78.1 9.9 12.1

524 0.750 850 240 10 0.25 9.6 59.6 34.8 14.9 37.4 5.6 37.3 5.6 74.7 79.1 8.0 12.9

525 0.750 850 240 10 0.5 6.3 39.8 70.5 14.9 42.1 6.3 35.3 5.3 77.4 81.4 6.2 12.4

526 0.750 875 120 1.5 0 28.6 26.2 -0.9 0.0 0.0 0.0 0.0 0.0 0.0 0.0 0.0 0.0

527 0.750 875 120 1.5 0.25 21.4 19.7 16.9 0.0 0.0 0.0 0.0 0.0 0.0 0.0 0.0 0.0

528 0.750 875 120 1.5 0.5 14.2 13.1 34.8 54.3 6.8 3.7 31.2 17.0 38.1 40.8 33.2 25.9

529 0.750 875 120 2 0 23.8 29.2 -0.9 44.0 5.7 2.5 30.9 13.6 36.6 40.2 42.7 17.1

530 0.750 875 120 2 0.25 17.8 21.9 16.9 44.4 7.1 3.1 33.7 15.0 40.8 44.7 36.6 18.8

531 0.750 875 120 2 0.5 11.8 14.6 34.8 45.3 10.0 4.5 36.7 16.6 46.7 50.3 29.3 20.4

532 0.750 875 120 2.5 0 20.3 31.2 -0.9 37.7 7.8 2.9 35.8 13.5 43.6 48.2 36.0 15.8

533 0.750 875 120 2.5 0.25 15.2 23.4 16.9 38.7 10.0 3.9 38.1 14.7 48.1 52.6 30.9 16.4

534 0.750 875 120 2.5 0.5 10.1 15.6 34.8 39.2 13.5 5.3 39.8 15.6 53.3 57.3 25.0 17.7

535 0.750 875 120 3 0 17.8 32.8 -0.9 33.7 10.2 3.4 39.0 13.1 49.2 54.3 30.9 14.8

536 0.750 875 120 3 0.25 13.3 24.6 16.9 34.1 12.9 4.4 40.6 13.8 53.4 58.3 26.4 15.3

537 0.750 875 120 3 0.5 8.8 16.4 34.8 34.6 16.7 5.8 41.3 14.3 58.0 62.2 21.0 16.8

538 0.750 875 120 4 0 14.2 35.0 -0.9 27.7 14.7 4.1 42.4 11.8 57.1 62.7 24.4 13.0

539 0.750 875 120 4 0.25 10.6 26.2 16.9 28.1 17.7 5.0 42.9 12.1 60.5 65.6 20.8 13.6

540 0.750 875 120 4 0.5 7.0 17.5 34.8 28.3 21.6 6.1 42.5 12.0 64.1 68.5 16.3 15.3

541 0.750 875 120 6 0 10.1 37.5 -0.9 21.2 21.6 4.6 44.4 9.4 66.0 71.6 17.4 11.0

542 0.750 875 120 6 0.25 7.5 28.1 16.9 21.2 24.6 5.2 43.6 9.3 68.3 73.3 15.1 11.6

543 0.750 875 120 6 0.5 4.9 18.7 34.8 20.8 29.0 6.0 41.7 8.7 70.7 74.9 12.1 13.0

544 0.750 875 120 10 0 6.3 39.8 -0.9 14.5 31.2 4.5 42.3 6.1 73.4 79.0 12.0 9.1

545 0.750 875 120 10 0.25 4.7 29.8 16.9 14.2 34.2 4.9 40.9 5.8 75.1 79.5 10.8 9.7

546 0.750 875 120 10 0.5 3.1 19.9 34.8 13.9 38.2 5.3 38.5 5.3 76.7 80.2 9.2 10.5

547 0.750 875 150 1.5 0 35.8 32.8 -0.9 0.0 0.0 0.0 0.0 0.0 0.0 0.0 0.0 0.0

548 0.750 875 150 1.5 0.25 26.8 24.6 21.4 0.0 0.0 0.0 0.0 0.0 0.0 0.0 0.0 0.0

549 0.750 875 150 1.5 0.5 17.8 16.4 43.7 54.3 7.3 4.0 30.0 16.3 37.3 40.0 34.9 25.1

550 0.750 875 150 2 0 29.8 36.4 -0.9 43.5 5.0 2.2 28.8 12.5 33.8 37.1 46.4 16.5

551 0.750 875 150 2 0.25 22.3 27.3 21.4 43.9 6.5 2.8 31.9 14.0 38.4 42.1 39.4 18.5

552 0.750 875 150 2 0.5 14.8 18.2 43.7 45.3 10.4 4.7 35.5 16.1 45.9 49.4 29.8 20.8

553 0.750 875 150 2.5 0 25.5 39.0 -0.9 36.8 6.9 2.5 33.5 12.4 40.4 44.7 38.1 17.1

554 0.750 875 150 2.5 0.25 19.1 29.3 21.4 37.6 9.0 3.4 35.6 13.4 44.6 48.8 32.7 18.5

555 0.750 875 150 2.5 0.5 12.6 19.5 43.7 38.6 13.8 5.3 38.3 14.8 52.1 55.9 24.4 19.7

556 0.750 875 150 3 0 22.3 41.0 -0.9 32.7 8.5 2.8 36.2 11.8 44.7 49.3 33.5 17.3

557 0.750 875 150 3 0.25 16.7 30.8 21.4 33.4 11.8 4.0 38.3 12.8 50.1 54.7 28.1 17.3

558 0.750 875 150 3 0.5 11.0 20.5 43.7 34.2 16.9 5.8 40.0 13.7 56.9 61.0 20.5 18.5

559 0.750 875 150 4 0 17.8 43.7 -0.9 27.3 13.2 3.6 40.7 11.1 53.9 59.2 25.8 14.9

560 0.750 875 150 4 0.25 13.3 32.8 21.4 27.9 17.4 4.9 41.6 11.6 59.0 63.8 21.2 15.0

561 0.750 875 150 4 0.5 8.8 21.9 43.7 28.2 21.7 6.1 41.9 11.8 63.7 67.9 15.5 16.5

562 0.750 875 150 6 0 12.6 46.9 -0.9 21.0 21.9 4.6 43.3 9.1 65.2 70.5 17.2 12.3

563 0.750 875 150 6 0.25 9.4 35.1 21.4 21.1 25.6 5.4 42.6 9.0 68.2 72.9 14.1 12.9

564 0.750 875 150 6 0.5 6.2 23.4 43.7 20.8 29.2 6.1 41.4 8.6 70.6 74.7 11.2 14.0

565 0.750 875 150 10 0 8.0 49.7 -0.9 14.5 32.5 4.7 40.8 5.9 73.2 78.4 11.0 10.6

566 0.750 875 150 10 0.25 5.9 37.3 21.4 14.2 35.5 5.0 39.7 5.6 75.2 79.3 9.6 11.0

567 0.750 875 150 10 0.5 3.9 24.9 43.7 13.8 39.1 5.4 37.7 5.2 76.9 80.2 8.3 11.4

568 0.750 875 180 1.5 0 43.0 39.4 -0.9 0.0 0.0 0.0 0.0 0.0 0.0 0.0 0.0 0.0

569 0.750 875 180 1.5 0.25 32.2 29.5 25.9 0.0 0.0 0.0 0.0 0.0 0.0 0.0 0.0 0.0

570 0.750 875 180 1.5 0.5 21.4 19.7 52.6 54.0 6.8 3.7 29.0 15.7 35.8 38.4 36.5 25.1

571 0.750 875 180 2 0 35.8 43.7 -0.9 40.7 3.5 1.4 20.9 8.5 24.5 26.9 56.5 16.6

572 0.750 875 180 2 0.25 26.8 32.8 25.9 42.9 5.2 2.2 29.5 12.6 34.6 38.0 43.2 18.8

573 0.750 875 180 2 0.5 17.8 21.9 52.6 44.3 8.8 3.9 33.6 14.9 42.4 45.6 32.6 21.7

574 0.750 875 180 2.5 0 30.6 46.9 -0.9 36.2 4.6 1.7 30.0 10.9 34.6 38.1 42.7 19.2

575 0.750 875 180 2.5 0.25 22.9 35.1 25.9 37.1 6.0 2.2 31.7 11.8 37.6 40.9 38.5 20.5

576 0.750 875 180 2.5 0.5 15.2 23.4 52.6 38.5 11.9 4.6 36.6 14.1 48.5 52.1 28.3 19.6

577 0.750 875 180 3 0 26.8 49.2 -0.9 32.7 5.6 1.8 32.5 10.6 38.0 41.7 39.4 18.9

578 0.750 875 180 3 0.25 20.0 36.9 25.9 33.2 9.1 3.0 36.0 12.0 45.1 49.1 32.7 18.1

579 0.750 875 180 3 0.5 13.3 24.6 52.6 34.3 15.6 5.3 39.4 13.5 54.9 58.8 23.3 17.9

580 0.750 875 180 4 0 21.4 52.5 -0.9 27.4 10.5 2.9 39.2 10.7 49.7 54.6 29.8 15.6

581 0.750 875 180 4 0.25 16.0 39.4 25.9 27.9 15.4 4.3 40.9 11.4 56.4 61.2 24.0 14.8

582 0.750 875 180 4 0.5 10.6 26.2 52.6 28.2 21.6 6.1 41.5 11.7 63.1 67.2 17.0 15.8

583 0.750 875 180 6 0 15.2 56.2 -0.9 21.2 20.3 4.3 43.5 9.2 63.8 69.3 18.8 11.9

584 0.750 875 180 6 0.25 11.4 42.2 25.9 21.4 24.9 5.3 42.7 9.2 67.7 72.4 15.3 12.3

585 0.750 875 180 6 0.5 7.5 28.1 52.6 20.5 30.8 6.3 40.6 8.3 71.4 75.2 11.5 13.3

586 0.750 875 180 10 0 9.6 59.6 -0.9 14.7 32.9 4.8 40.6 6.0 73.5 78.5 11.4 10.2

587 0.750 875 180 10 0.25 7.2 44.7 25.9 14.5 36.3 5.3 38.8 5.6 75.2 79.7 9.7 10.6

588 0.750 875 180 10 0.5 4.7 29.8 52.6 13.0 42.5 5.5 35.6 4.6 78.1 81.0 8.2 10.8

589 0.750 875 210 1.5 0 50.1 45.9 -0.9 0.0 0.0 0.0 0.0 0.0 0.0 0.0 0.0 0.0

590 0.750 875 210 1.5 0.25 37.6 34.4 30.3 0.0 0.0 0.0 0.0 0.0 0.0 0.0 0.0 0.0

591 0.750 875 210 1.5 0.5 25.0 23.0 61.5 53.6 4.8 2.6 26.5 14.2 31.3 33.6 41.7 24.8

592 0.750 875 210 2 0 41.8 51.0 -0.9 40.1 1.4 0.6 15.3 6.1 16.7 18.5 64.9 16.6

593 0.750 875 210 2 0.25 31.3 38.3 30.3 40.5 2.9 1.2 22.5 9.1 25.5 28.3 54.6 17.0

594 0.750 875 210 2 0.5 20.8 25.5 61.5 44.5 7.7 3.4 33.3 14.8 41.0 44.2 35.9 19.9

595 0.750 875 210 2.5 0 35.8 54.7 -0.9 35.2 3.0 1.1 25.0 8.8 28.0 31.0 50.4 18.6

596 0.750 875 210 2.5 0.25 26.8 41.0 30.3 37.3 3.5 1.3 26.3 9.8 29.8 31.9 46.6 21.5

597 0.750 875 210 2.5 0.5 17.8 27.3 61.5 37.9 9.5 3.6 34.7 13.2 44.2 47.4 32.9 19.7

598 0.750 875 210 3 0 31.3 57.4 -0.9 32.9 3.6 1.2 28.1 9.2 31.7 34.5 46.2 19.3

599 0.750 875 210 3 0.25 23.4 43.0 30.3 32.7 6.5 2.1 33.1 10.8 39.6 43.2 38.3 18.5

600 0.750 875 210 3 0.5 15.5 28.7 61.5 33.8 13.3 4.5 38.8 13.1 52.1 56.1 27.0 16.9

601 0.750 875 210 4 0 25.0 61.2 -0.9 26.6 8.1 2.2 37.5 10.0 45.6 50.5 33.9 15.7

602 0.750 875 210 4 0.25 18.7 45.9 30.3 27.3 12.7 3.5 40.5 11.1 53.2 58.3 27.3 14.4

603 0.750 875 210 4 0.5 12.4 30.6 61.5 28.1 20.0 5.6 41.9 11.8 61.9 66.2 19.3 14.5

604 0.750 875 210 6 0 17.8 65.6 -0.9 20.9 19.6 4.1 43.4 9.1 63.0 68.6 20.2 11.2

605 0.750 875 210 6 0.25 13.3 49.2 30.3 21.1 25.8 5.4 42.6 9.0 68.4 72.9 15.6 11.4

606 0.750 875 210 6 0.5 8.8 32.8 61.5 15.7 38.8 6.1 36.0 5.6 74.8 77.6 10.7 11.8

607 0.750 875 210 10 0 11.2 69.6 -0.9 14.2 35.1 5.0 39.7 5.7 74.8 79.5 10.8 9.7

608 0.750 875 210 10 0.25 8.4 52.2 30.3 13.2 40.5 5.4 36.2 4.8 76.7 80.8 9.0 10.2

609 0.750 875 210 10 0.5 5.5 34.8 61.5 9.7 49.8 4.8 30.1 2.9 79.8 81.8 8.0 10.2

610 0.750 875 240 1.5 0 57.3 52.5 -0.9 0.0 0.0 0.0 0.0 0.0 0.0 0.0 0.0 0.0

611 0.750 875 240 1.5 0.25 43.0 39.4 34.8 0.0 0.0 0.0 0.0 0.0 0.0 0.0 0.0 0.0

612 0.750 875 240 1.5 0.5 28.6 26.2 70.5 53.6 3.0 1.6 22.1 11.8 25.1 26.8 49.3 23.9

613 0.750 875 240 2 0 47.7 58.3 -0.9 41.7 1.0 0.4 13.6 5.7 14.6 16.0 69.0 14.9

614 0.750 875 240 2 0.25 35.8 43.7 34.8 39.9 1.8 0.7 16.3 6.5 18.0 20.1 64.7 15.2

615 0.750 875 240 2 0.5 23.8 29.2 70.5 45.5 8.4 3.8 33.9 15.4 42.3 45.9 36.4 17.7

616 0.750 875 240 2.5 0 40.9 62.5 -0.9 33.8 1.8 0.6 20.0 6.8 21.8 24.5 62.1 13.4

617 0.750 875 240 2.5 0.25 30.6 46.9 34.8 36.6 3.5 1.3 27.8 10.2 31.4 34.2 46.8 19.0

618 0.750 875 240 2.5 0.5 20.3 31.2 70.5 37.6 11.3 4.3 36.9 13.9 48.2 51.9 31.8 16.3

619 0.750 875 240 3 0 35.8 65.6 -0.9 30.8 4.6 1.4 31.3 9.6 35.8 39.8 45.4 14.8

620 0.750 875 240 3 0.25 26.8 49.2 34.8 27.8 15.8 4.4 40.4 11.2 56.2 60.2 28.8 11.0

621 0.750 875 240 3 0.5 17.8 32.8 70.5 12.6 38.0 4.8 31.1 3.9 69.1 71.1 19.0 9.9

622 0.750 875 240 4 0 28.6 70.0 -0.9 22.6 18.7 4.2 42.4 9.6 61.1 65.7 25.1 9.3

623 0.750 875 240 4 0.25 21.4 52.5 34.8 12.8 35.9 4.6 34.2 4.4 70.1 72.8 18.3 8.8

624 0.750 875 240 4 0.5 14.2 35.0 70.5 10.4 42.7 4.4 29.8 3.1 72.5 74.4 16.4 9.3

625 0.750 875 240 6 0 20.3 75.0 -0.9 11.8 37.3 4.4 35.7 4.2 73.0 77.0 15.3 7.7

626 0.750 875 240 6 0.25 15.2 56.2 34.8 9.5 43.8 4.2 31.5 3.0 75.3 77.6 14.4 8.0

627 0.750 875 240 6 0.5 10.1 37.5 70.5 8.0 49.9 4.0 28.3 2.3 78.2 78.2 13.2 8.7

628 0.750 875 240 10 0 12.9 79.5 -0.9 7.2 49.3 3.5 29.9 2.2 79.2 81.4 11.5 7.0

629 0.750 875 240 10 0.25 9.6 59.6 34.8 6.6 52.4 3.5 27.6 1.8 80.0 81.8 10.9 7.3

630 0.750 875 240 10 0.5 6.3 39.8 70.5 5.3 63.2 3.4 28.1 1.5 91.3 91.3 0.0 8.7



